        10        28
 anz
   1.000E-03   2.000E-01   1.000E-01   1.000E-03   2.000E-01   1.000E-01   1.000E-03   2.000E-01   1.000E-01   1.000E-03
   2.000E-01   1.000E-01   1.000E-03   2.000E-01   1.000E-01   1.000E-03   2.000E-01   1.000E-01   1.000E-03   2.000E-01
   1.000E-01   1.000E-03   2.000E-01   1.000E-01   1.000E-03   2.000E-01   1.000E-01   1.000E-03
 inoti
 RHS b
   2.010E-01   3.010E-01   3.010E-01   3.010E-01   3.010E-01   3.010E-01   3.010E-01   3.010E-01   3.010E-01   1.010E-01
 ianz
         1         3         6         9        12        15        18        21        24        27
        29
 janz
         1         2         1         2         3         2         3         4         3         4
         5         4         5         6         5         6         7         6         7         8
         7         8         9         8         9        10         9        10
